[name]
unknown

[dist]
# distance from previous block
# <min> <max>
7	90

[block]
# block no. 0 follows, 37 sequences, length 18
# corresponding to MSA columns:
# 92-109
name=unknown_A
#
# <colnr> <probs for GDERKNQSTAVLIFYWHMCP>
#	G	D	E	R	K	N	Q	S	T	A	V	L	I	F	Y	W	H	M	C	P
0	0.00758	0.00542	0.00721	0.00844	0.00891	0.00505	0.00569	0.00883	0.01230	0.01654	0.10678	0.70522	0.04226	0.01849	0.00775	0.00243	0.00348	0.01675	0.00579	0.00505
1	0.01180	0.08978	0.01737	0.32439	0.11469	0.01207	0.03166	0.01408	0.01217	0.01575	0.04957	0.02194	0.09183	0.01000	0.00933	0.15104	0.00663	0.00632	0.00325	0.00633
2	0.05949	0.01346	0.01615	0.01339	0.01709	0.01495	0.08296	0.18290	0.37498	0.02640	0.01964	0.02107	0.01535	0.06982	0.04236	0.00266	0.00643	0.00658	0.00542	0.00888
3	0.09927	0.01189	0.01444	0.07333	0.07145	0.01091	0.00948	0.09481	0.01473	0.09229	0.01237	0.01388	0.00952	0.00545	0.00503	0.00136	0.00536	0.00432	0.00418	0.44595
4	0.04140	0.01378	0.01605	0.01292	0.01648	0.01521	0.02949	0.41295	0.02170	0.08433	0.04463	0.06131	0.03927	0.05045	0.00910	0.00223	0.08508	0.02932	0.00557	0.00872
5	0.02025	0.02420	0.01772	0.09336	0.02088	0.52890	0.01259	0.05944	0.01619	0.01627	0.00967	0.01214	0.00807	0.00703	0.00787	0.00181	0.12882	0.00440	0.00319	0.00718
6	0.00839	0.00648	0.00776	0.00824	0.00966	0.00610	0.00620	0.01098	0.05200	0.01780	0.12375	0.24687	0.28859	0.03907	0.02482	0.00257	0.00407	0.12544	0.00572	0.00547
7	0.00776	0.00563	0.00684	0.00766	0.00824	0.00524	0.00502	0.00866	0.01145	0.01489	0.03542	0.47230	0.16411	0.20174	0.01329	0.00323	0.00404	0.01455	0.00521	0.00471
8	0.00798	0.00603	0.00737	0.00745	0.00883	0.00542	0.00543	0.01007	0.01509	0.02022	0.38661	0.21488	0.25255	0.01488	0.00736	0.00209	0.00310	0.01303	0.00620	0.00542
9	0.00859	0.00594	0.00738	0.00791	0.00875	0.00554	0.00545	0.00987	0.01248	0.03659	0.13374	0.36281	0.13195	0.18233	0.01267	0.00310	0.00407	0.05035	0.00546	0.00502
10	0.02211	0.02803	0.01904	0.01667	0.02010	0.69326	0.07597	0.02401	0.01709	0.01540	0.00972	0.01153	0.00801	0.00620	0.00567	0.00162	0.01097	0.00424	0.00315	0.00720
11	0.00746	0.00533	0.00710	0.00852	0.00888	0.00497	0.00568	0.00852	0.01172	0.01563	0.03374	0.78088	0.04049	0.01918	0.00781	0.00249	0.00355	0.01740	0.00568	0.00497
12	0.02159	0.00970	0.01235	0.00995	0.01364	0.00899	0.00803	0.09616	0.01774	0.45189	0.11059	0.04853	0.02078	0.00847	0.00605	0.00184	0.00466	0.00699	0.13312	0.00894
13	0.01060	0.00762	0.00880	0.00832	0.01016	0.00759	0.00615	0.01557	0.15381	0.05207	0.28387	0.09094	0.15779	0.09832	0.00952	0.00243	0.00378	0.01024	0.05611	0.00633
14	0.04952	0.01103	0.01287	0.01054	0.01383	0.01116	0.00820	0.23664	0.01828	0.26765	0.02038	0.08861	0.01709	0.17152	0.01140	0.00276	0.00561	0.00739	0.02724	0.00827
15	0.01815	0.58950	0.02854	0.01141	0.01656	0.02287	0.01077	0.20101	0.01665	0.02064	0.01011	0.01108	0.00851	0.00578	0.00449	0.00145	0.00660	0.00385	0.00352	0.00851
16	0.00889	0.00619	0.00741	0.00783	0.00824	0.00614	0.00499	0.02678	0.02842	0.01473	0.04325	0.31482	0.02988	0.42342	0.02008	0.00428	0.00496	0.03040	0.00469	0.00459
17	0.22220	0.00863	0.00916	0.00892	0.01123	0.00890	0.00688	0.05796	0.03122	0.07999	0.04745	0.27161	0.12713	0.01288	0.00646	0.00219	0.00432	0.07107	0.00541	0.00639

[dist]
# distance from previous block
# <min> <max>
4	6

[block]
# block no. 1 follows, 37 sequences, length 49
# corresponding to MSA columns:
# 116-164
name=unknown_B
#
# <colnr> <probs for GDERKNQSTAVLIFYWHMCP>
#	G	D	E	R	K	N	Q	S	T	A	V	L	I	F	Y	W	H	M	C	P
0	0.01719	0.01267	0.01278	0.01153	0.01403	0.12842	0.00907	0.06936	0.08266	0.17467	0.02101	0.03180	0.01891	0.14283	0.01158	0.00277	0.05174	0.14883	0.03080	0.00733
1	0.01247	0.01059	0.01234	0.00893	0.01404	0.00803	0.00704	0.01503	0.01247	0.01947	0.01138	0.01431	0.00985	0.05064	0.00611	0.00120	0.00462	0.00394	0.00363	0.77393
2	0.00961	0.00695	0.00858	0.00825	0.00970	0.00657	0.00608	0.01099	0.01266	0.03422	0.15270	0.11547	0.16822	0.16816	0.01364	0.06049	0.03737	0.08337	0.00497	0.08202
3	0.01452	0.00940	0.01096	0.01000	0.01215	0.00976	0.00742	0.11096	0.15074	0.12743	0.02391	0.16383	0.02309	0.23428	0.01382	0.00325	0.00529	0.05659	0.00555	0.00706
4	0.14976	0.00736	0.00781	0.00760	0.00966	0.00710	0.00576	0.01226	0.01354	0.06281	0.15617	0.11993	0.29780	0.06741	0.00839	0.00236	0.00386	0.04919	0.00550	0.00573
5	0.01131	0.00819	0.01014	0.00930	0.01126	0.00839	0.00713	0.10642	0.03458	0.03870	0.22517	0.06864	0.08108	0.09321	0.19583	0.00428	0.00735	0.03534	0.00523	0.03844
6	0.02335	0.02317	0.01752	0.01477	0.01871	0.41874	0.01155	0.29778	0.02181	0.07632	0.01254	0.01316	0.00938	0.00680	0.00580	0.00170	0.00895	0.00471	0.00462	0.00862
7	0.02365	0.01437	0.01596	0.01245	0.01696	0.03792	0.01020	0.40303	0.04203	0.27637	0.01834	0.01742	0.01250	0.00740	0.00599	0.00183	0.00604	0.00573	0.06183	0.00997
8	0.01157	0.00687	0.00845	0.00788	0.00952	0.00647	0.00567	0.01298	0.01264	0.14125	0.09598	0.06069	0.20886	0.25662	0.12353	0.00436	0.00626	0.00956	0.00514	0.00571
9	0.01444	0.01112	0.01415	0.01401	0.07360	0.06353	0.03237	0.03695	0.08502	0.11441	0.01857	0.02656	0.01641	0.05929	0.24723	0.00477	0.06868	0.08722	0.00443	0.00725
10	0.09025	0.01563	0.13128	0.12518	0.17194	0.01363	0.18166	0.01712	0.01268	0.01894	0.01304	0.07154	0.01146	0.03028	0.02539	0.00233	0.05013	0.00652	0.00321	0.00779
11	0.37452	0.01314	0.05732	0.21147	0.05660	0.01421	0.01163	0.01937	0.11223	0.02266	0.01169	0.01401	0.00899	0.00640	0.00574	0.00199	0.04231	0.00465	0.00369	0.00739
12	0.01049	0.00654	0.00865	0.00813	0.00929	0.00600	0.00571	0.00977	0.00969	0.01333	0.01617	0.04085	0.04887	0.12300	0.01938	0.45595	0.00514	0.05127	0.00337	0.14840
13	0.01291	0.00750	0.00927	0.00840	0.01089	0.00667	0.00644	0.01524	0.03097	0.19586	0.14986	0.15118	0.26271	0.01468	0.04872	0.00244	0.00449	0.01074	0.00609	0.04493
14	0.13542	0.00759	0.00812	0.00790	0.00903	0.00799	0.00528	0.02820	0.06511	0.03014	0.02015	0.12739	0.03616	0.39953	0.01997	0.06886	0.00526	0.00867	0.00425	0.00499
15	0.65480	0.01160	0.00980	0.00886	0.01203	0.02928	0.00719	0.01697	0.01041	0.02465	0.00961	0.01237	0.00803	0.02710	0.08878	0.00290	0.05161	0.00393	0.00365	0.00645
16	0.01534	0.03985	0.10195	0.07245	0.08434	0.04917	0.13860	0.05483	0.01445	0.08860	0.02893	0.01595	0.01089	0.00817	0.04813	0.00214	0.02944	0.00537	0.00377	0.18763
17	0.01412	0.01022	0.01179	0.01193	0.05348	0.04461	0.00854	0.09010	0.12614	0.11305	0.04345	0.28962	0.08474	0.01288	0.00697	0.00218	0.00493	0.05807	0.00580	0.00738
18	0.34003	0.00929	0.00913	0.00834	0.01123	0.00978	0.00669	0.03581	0.01311	0.12872	0.03926	0.06528	0.06769	0.02717	0.00586	0.00203	0.00441	0.06474	0.14467	0.00675
19	0.01141	0.00571	0.00571	0.00571	0.00713	0.00571	0.00428	0.01426	0.01284	0.02282	0.01997	0.02282	0.01569	0.00713	0.00428	0.00143	0.00285	0.00571	0.81886	0.00571
20	0.01400	0.13316	0.05915	0.04009	0.02157	0.03384	0.26157	0.03443	0.09338	0.03688	0.09205	0.06326	0.05126	0.00789	0.00682	0.00195	0.02937	0.00743	0.00413	0.00778
21	0.00979	0.00643	0.00772	0.00783	0.00938	0.00580	0.00564	0.01147	0.03215	0.08667	0.08958	0.29924	0.30546	0.03814	0.00892	0.04780	0.00369	0.01300	0.00572	0.00558
22	0.00879	0.00637	0.00886	0.00886	0.00961	0.00712	0.00643	0.01030	0.00955	0.01349	0.01729	0.02900	0.01745	0.27456	0.53490	0.00863	0.01316	0.00728	0.00341	0.00492
23	0.24991	0.01114	0.01296	0.01025	0.01473	0.01079	0.00847	0.05997	0.01609	0.51556	0.01935	0.01751	0.01255	0.00704	0.00550	0.00189	0.00515	0.00533	0.00645	0.00936
24	0.00988	0.00629	0.00737	0.00735	0.00799	0.00626	0.00474	0.01137	0.04502	0.03502	0.09386	0.12626	0.02627	0.42281	0.02050	0.04958	0.00487	0.00941	0.10044	0.00471
25	0.07795	0.00680	0.00810	0.00824	0.00952	0.00661	0.00590	0.01222	0.01235	0.08482	0.09451	0.26769	0.06808	0.20530	0.01299	0.00317	0.00449	0.07922	0.02657	0.00547
26	0.47360	0.01278	0.01060	0.03976	0.01398	0.11051	0.00834	0.01728	0.01257	0.02330	0.05705	0.02455	0.01573	0.00848	0.00527	0.00205	0.00578	0.14770	0.00422	0.00644
27	0.21145	0.01466	0.01851	0.01414	0.01897	0.01547	0.13229	0.32167	0.02012	0.15246	0.01444	0.01492	0.01013	0.00662	0.00577	0.00190	0.00662	0.00540	0.00530	0.00915
28	0.00886	0.00691	0.00962	0.00957	0.01079	0.00681	0.04852	0.01135	0.05223	0.01663	0.07915	0.34158	0.10067	0.12103	0.09789	0.00369	0.00587	0.05831	0.00509	0.00544
29	0.03658	0.01055	0.01153	0.01003	0.01226	0.01136	0.00741	0.27981	0.04926	0.02400	0.01942	0.12694	0.01920	0.28104	0.03274	0.00353	0.00594	0.00832	0.04320	0.00687
30	0.82811	0.01184	0.00900	0.00805	0.01184	0.01373	0.00663	0.01799	0.01042	0.02746	0.00852	0.00994	0.00663	0.00568	0.00379	0.00189	0.00474	0.00331	0.00379	0.00663
31	0.00971	0.00760	0.00815	0.00783	0.00976	0.00749	0.00576	0.03124	0.14331	0.01934	0.11424	0.08787	0.34623	0.10623	0.00974	0.00250	0.00383	0.01075	0.06240	0.00602
32	0.23450	0.00980	0.01042	0.00903	0.01200	0.01020	0.00702	0.05251	0.08835	0.17925	0.14935	0.02584	0.03945	0.11088	0.00899	0.00244	0.00467	0.00684	0.03114	0.00732
33	0.12848	0.01499	0.01968	0.01488	0.01985	0.01564	0.14600	0.35996	0.02139	0.17529	0.01532	0.01564	0.01064	0.00676	0.00603	0.00190	0.00685	0.00568	0.00553	0.00950
34	0.05847	0.00790	0.00889	0.00821	0.01092	0.00721	0.00658	0.04353	0.01507	0.16025	0.04581	0.04830	0.43769	0.01327	0.00695	0.00211	0.00409	0.10225	0.00595	0.00654
35	0.08264	0.00919	0.01005	0.00986	0.01193	0.03135	0.00768	0.01732	0.19466	0.03740	0.07048	0.10418	0.11556	0.01359	0.00917	0.11407	0.00479	0.14444	0.00527	0.00638
36	0.01795	0.01405	0.01449	0.01259	0.01632	0.05612	0.00989	0.09392	0.53993	0.11958	0.02304	0.02120	0.01689	0.00801	0.00617	0.00200	0.00540	0.00653	0.00622	0.00970
37	0.01222	0.01251	0.01037	0.01086	0.01222	0.22505	0.00792	0.01366	0.01373	0.01579	0.02773	0.44210	0.06047	0.01501	0.00720	0.00224	0.00596	0.09435	0.00494	0.00568
38	0.01863	0.01107	0.01296	0.01101	0.01443	0.01149	0.00860	0.06821	0.30807	0.27330	0.07354	0.04133	0.02053	0.08783	0.00885	0.00239	0.00503	0.00729	0.00645	0.00900
39	0.01291	0.00740	0.00938	0.00871	0.01084	0.00702	0.00685	0.01644	0.05848	0.15534	0.33808	0.06884	0.05663	0.01150	0.00674	0.00199	0.00379	0.09363	0.11864	0.00678
40	0.00864	0.00630	0.00709	0.00730	0.00909	0.00545	0.00544	0.01020	0.01365	0.06024	0.05152	0.22534	0.49747	0.01596	0.00737	0.00220	0.00347	0.05200	0.00579	0.00546
41	0.02448	0.01057	0.01376	0.01074	0.01508	0.00959	0.00880	0.10001	0.01853	0.58026	0.08905	0.02405	0.04964	0.00833	0.00629	0.00190	0.00507	0.00682	0.00727	0.00978
42	0.00843	0.00610	0.00787	0.00810	0.00890	0.00617	0.00570	0.00984	0.01141	0.01548	0.11935	0.17257	0.09970	0.24415	0.22308	0.00541	0.00772	0.03056	0.00459	0.00489
43	0.01468	0.47720	0.32870	0.01334	0.02015	0.02011	0.01547	0.01876	0.01264	0.01645	0.00953	0.01110	0.00781	0.00548	0.00470	0.00157	0.00757	0.00379	0.00260	0.00835
44	0.01156	0.01088	0.01836	0.77016	0.04216	0.01360	0.01700	0.01564	0.01224	0.01564	0.01088	0.01632	0.00816	0.00612	0.00612	0.00204	0.00816	0.00544	0.00272	0.00680
45	0.00950	0.00740	0.01081	0.01045	0.01128	0.00897	0.00813	0.01120	0.00963	0.01397	0.01506	0.02303	0.01437	0.07433	0.58341	0.05374	0.11971	0.00643	0.00318	0.00540
46	0.01420	0.01291	0.01379	0.01508	0.12538	0.14183	0.02520	0.11257	0.01536	0.01965	0.02130	0.25341	0.05100	0.01256	0.02459	0.05431	0.00636	0.00927	0.06444	0.00682
47	0.03464	0.00874	0.01098	0.01036	0.01244	0.00909	0.03793	0.01784	0.22432	0.03945	0.22772	0.24420	0.03577	0.01276	0.00704	0.00218	0.00421	0.04739	0.00601	0.00692
48	0.00941	0.00658	0.00735	0.00695	0.00905	0.00567	0.00524	0.01125	0.01478	0.08364	0.19938	0.05201	0.50712	0.04451	0.00808	0.00217	0.00336	0.01177	0.00600	0.00571

[dist]
# distance from previous block
# <min> <max>
5	9

[block]
# block no. 2 follows, 37 sequences, length 13
# corresponding to MSA columns:
# 174-186
name=unknown_C
#
# <colnr> <probs for GDERKNQSTAVLIFYWHMCP>
#	G	D	E	R	K	N	Q	S	T	A	V	L	I	F	Y	W	H	M	C	P
0	0.05797	0.01245	0.01877	0.30540	0.18001	0.03194	0.04735	0.03685	0.01377	0.09782	0.01327	0.01786	0.01046	0.00655	0.00638	0.00191	0.02847	0.03433	0.00368	0.07476
1	0.01018	0.00791	0.01033	0.08226	0.03898	0.00823	0.00805	0.07495	0.05640	0.01854	0.04257	0.40690	0.09007	0.04635	0.03965	0.00275	0.00514	0.03942	0.00522	0.00610
2	0.01748	0.01462	0.01429	0.01245	0.01582	0.10391	0.00970	0.19459	0.31837	0.06456	0.06121	0.10740	0.01986	0.00927	0.00635	0.00199	0.00581	0.00761	0.00587	0.00883
3	0.01282	0.01120	0.01668	0.20349	0.20826	0.02695	0.02915	0.03586	0.04673	0.03834	0.01931	0.05407	0.08565	0.04425	0.07475	0.00285	0.03955	0.00704	0.03567	0.00738
4	0.10754	0.01307	0.04141	0.06437	0.13998	0.07279	0.06783	0.01778	0.05514	0.06949	0.08890	0.07474	0.07791	0.04119	0.00783	0.00215	0.03868	0.00744	0.00436	0.00741
5	0.19602	0.01246	0.01846	0.26263	0.12834	0.01394	0.09444	0.04795	0.03841	0.04650	0.04563	0.01632	0.01116	0.00647	0.00630	0.00199	0.03615	0.00551	0.00366	0.00766
6	0.01999	0.00929	0.01198	0.00994	0.01329	0.00854	0.00782	0.05213	0.05455	0.42964	0.12270	0.09876	0.05402	0.06825	0.00839	0.00227	0.00475	0.00838	0.00678	0.00852
7	0.01117	0.00763	0.01002	0.05534	0.01279	0.00790	0.00758	0.04776	0.04742	0.07960	0.10773	0.17849	0.10227	0.05288	0.19342	0.00420	0.00740	0.04042	0.01971	0.00624
8	0.00873	0.00606	0.00815	0.00926	0.04307	0.00580	0.00595	0.00936	0.01152	0.01538	0.10048	0.33171	0.10912	0.11291	0.03959	0.15671	0.00468	0.01203	0.00477	0.00472
9	0.05169	0.01009	0.01297	0.06299	0.01576	0.01064	0.04345	0.14640	0.08592	0.06611	0.05734	0.17230	0.05296	0.01247	0.00833	0.07250	0.00543	0.10029	0.00530	0.00705
10	0.00912	0.00639	0.00727	0.00723	0.00910	0.00559	0.00545	0.01097	0.01436	0.06628	0.15361	0.14547	0.43934	0.01468	0.00715	0.00209	0.00336	0.04282	0.04410	0.00562
11	0.04118	0.00822	0.01015	0.00928	0.01158	0.00793	0.00709	0.04409	0.06401	0.20229	0.17365	0.16216	0.07040	0.09671	0.00954	0.00253	0.00447	0.06158	0.00614	0.00700
12	0.20882	0.00866	0.00898	0.00822	0.01016	0.00907	0.00589	0.07337	0.01250	0.09066	0.03619	0.11072	0.03244	0.31375	0.01556	0.00353	0.00515	0.00796	0.03243	0.00591

[dist]
# distance from previous block
# <min> <max>
0	1

[block]
# block no. 3 follows, 37 sequences, length 15
# corresponding to MSA columns:
# 188-202
name=unknown_D
#
# <colnr> <probs for GDERKNQSTAVLIFYWHMCP>
#	G	D	E	R	K	N	Q	S	T	A	V	L	I	F	Y	W	H	M	C	P
0	0.01162	0.00866	0.00940	0.00850	0.01104	0.00860	0.00658	0.09015	0.13666	0.05135	0.17073	0.04172	0.33911	0.01198	0.00669	0.00197	0.00380	0.01001	0.06460	0.00683
1	0.01063	0.00532	0.00797	0.00797	0.00797	0.00532	0.00532	0.00797	0.00797	0.01063	0.01063	0.01861	0.01063	0.02127	0.02392	0.82190	0.00532	0.00532	0.00266	0.00266
2	0.03099	0.00670	0.00752	0.00776	0.00922	0.00644	0.00565	0.01165	0.06890	0.01795	0.10010	0.21208	0.27543	0.10613	0.00994	0.00262	0.00386	0.05957	0.05204	0.00546
3	0.01071	0.00858	0.01038	0.01061	0.03802	0.06479	0.00755	0.03134	0.01092	0.01447	0.01756	0.02509	0.05590	0.10582	0.41710	0.14411	0.01175	0.00667	0.00341	0.00523
4	0.06338	0.01346	0.01532	0.01206	0.01654	0.01404	0.00988	0.32654	0.10050	0.29962	0.01924	0.01798	0.01311	0.00745	0.00595	0.00187	0.00570	0.00580	0.04162	0.00994
5	0.04265	0.00717	0.00840	0.00855	0.00994	0.00709	0.00605	0.01358	0.09631	0.07168	0.05484	0.33656	0.12293	0.15425	0.01149	0.00293	0.00428	0.02999	0.00549	0.00583
6	0.01575	0.00989	0.01182	0.00953	0.01338	0.00874	0.00750	0.08026	0.04690	0.19654	0.06258	0.09834	0.11289	0.03016	0.00667	0.00177	0.00457	0.00763	0.00554	0.26956
7	0.00920	0.00569	0.00716	0.00731	0.00749	0.00559	0.00455	0.00866	0.00945	0.01256	0.04544	0.11936	0.05310	0.39801	0.02435	0.26039	0.00524	0.00901	0.00380	0.00366
8	0.02085	0.01315	0.01494	0.01231	0.01649	0.01406	0.00989	0.18160	0.35472	0.25886	0.02246	0.02044	0.01577	0.00787	0.00618	0.00197	0.00537	0.00637	0.00663	0.01008
9	0.03857	0.00801	0.00875	0.00848	0.01049	0.00800	0.00631	0.06364	0.12280	0.02040	0.12095	0.21420	0.29507	0.03662	0.00772	0.00224	0.00384	0.01187	0.00579	0.00625
10	0.01171	0.00829	0.01011	0.00904	0.01206	0.00703	0.00705	0.01419	0.03173	0.09061	0.02911	0.21339	0.13850	0.01187	0.00648	0.00186	0.00429	0.10311	0.00518	0.28440
11	0.01269	0.01088	0.01269	0.00907	0.01451	0.00816	0.00725	0.01541	0.01269	0.01995	0.01088	0.01269	0.00907	0.00453	0.00453	0.00091	0.00453	0.00363	0.00363	0.82229
12	0.01208	0.00698	0.00970	0.00940	0.01110	0.00634	0.03305	0.01360	0.01338	0.16775	0.06776	0.42971	0.10022	0.03495	0.00848	0.02806	0.00424	0.03113	0.00588	0.00619
13	0.00956	0.00677	0.00792	0.00799	0.00869	0.00683	0.00527	0.04167	0.05111	0.01592	0.07633	0.19532	0.04731	0.43470	0.02035	0.00428	0.00510	0.04527	0.00473	0.00487
14	0.36481	0.12331	0.03909	0.10107	0.10880	0.03404	0.05346	0.01791	0.01174	0.02135	0.00944	0.01207	0.00769	0.00602	0.00593	0.00188	0.06650	0.00426	0.00323	0.00738

[dist]
# distance from previous block
# <min> <max>
0	2

[block]
# block no. 4 follows, 37 sequences, length 20
# corresponding to MSA columns:
# 205-224
name=unknown_E
#
# <colnr> <probs for GDERKNQSTAVLIFYWHMCP>
#	G	D	E	R	K	N	Q	S	T	A	V	L	I	F	Y	W	H	M	C	P
0	0.00997	0.00560	0.00829	0.00837	0.00867	0.00577	0.00582	0.00874	0.00898	0.01224	0.04307	0.07240	0.01549	0.02563	0.16749	0.57293	0.00728	0.00661	0.00315	0.00350
1	0.60494	0.01470	0.01173	0.01088	0.04334	0.10760	0.00833	0.09769	0.01347	0.02684	0.00945	0.01082	0.00733	0.00594	0.00436	0.00185	0.00585	0.00372	0.00394	0.00723
2	0.01409	0.01410	0.07042	0.29481	0.18441	0.04855	0.04277	0.06429	0.04396	0.04486	0.06814	0.05406	0.01454	0.00724	0.00627	0.00196	0.00731	0.00645	0.00379	0.00797
3	0.00877	0.00646	0.00933	0.00933	0.01025	0.00738	0.00702	0.01061	0.00969	0.01384	0.01686	0.02660	0.01641	0.16375	0.64429	0.00922	0.01473	0.00693	0.00335	0.00519
4	0.06729	0.01002	0.01141	0.00976	0.01252	0.01041	0.00769	0.19745	0.06571	0.05716	0.41965	0.03323	0.05209	0.01034	0.00661	0.00191	0.00422	0.00871	0.00637	0.00744
5	0.01332	0.01158	0.01239	0.00991	0.01371	0.08016	0.03199	0.01648	0.04119	0.01992	0.01434	0.05041	0.01223	0.00639	0.00552	0.00132	0.03677	0.00508	0.18943	0.42786
6	0.01321	0.20409	0.58889	0.01586	0.02404	0.01650	0.01985	0.01914	0.01281	0.01825	0.01042	0.01222	0.00778	0.00568	0.00539	0.00180	0.00848	0.00424	0.00259	0.00878
7	0.45484	0.01249	0.01213	0.01000	0.01420	0.01358	0.00822	0.14577	0.04947	0.20451	0.01416	0.01402	0.00992	0.00656	0.00489	0.00189	0.00521	0.00456	0.00523	0.00835
8	0.06887	0.01152	0.01131	0.01018	0.01250	0.09785	0.00750	0.02048	0.17711	0.14314	0.01926	0.02591	0.01684	0.26092	0.08692	0.00396	0.00709	0.00680	0.00484	0.00698
9	0.14969	0.01380	0.04485	0.05647	0.01500	0.18647	0.00924	0.01529	0.01320	0.01795	0.02119	0.30476	0.02304	0.01221	0.00648	0.00216	0.00629	0.09136	0.00444	0.00613
10	0.01328	0.01118	0.01188	0.01090	0.01384	0.01250	0.00840	0.02635	0.53611	0.02384	0.07702	0.06039	0.11621	0.00992	0.00641	0.00206	0.00436	0.00836	0.03852	0.00849
11	0.01956	0.01409	0.01538	0.01251	0.01661	0.01541	0.01009	0.37182	0.23887	0.10051	0.06581	0.02183	0.05266	0.00838	0.00628	0.00193	0.00560	0.00671	0.00631	0.00965
12	0.01141	0.00571	0.00571	0.00571	0.00713	0.00571	0.00428	0.01426	0.01284	0.02282	0.01997	0.02282	0.01569	0.00713	0.00428	0.00143	0.00285	0.00571	0.81886	0.00571
13	0.11587	0.01725	0.06050	0.01339	0.01812	0.04679	0.01141	0.46551	0.13481	0.03318	0.01513	0.01515	0.01099	0.00717	0.00582	0.00188	0.00652	0.00535	0.00554	0.00964
14	0.00953	0.00679	0.00789	0.00772	0.00851	0.00688	0.00505	0.01214	0.09626	0.01638	0.16862	0.08319	0.05424	0.43027	0.02083	0.04152	0.00492	0.00959	0.00476	0.00491
15	0.01621	0.50234	0.02496	0.01111	0.01522	0.12153	0.00993	0.06395	0.01406	0.01627	0.01328	0.13981	0.01351	0.00786	0.00494	0.00158	0.00667	0.00588	0.00344	0.00743
16	0.01001	0.00624	0.00908	0.00896	0.00961	0.00680	0.00652	0.02847	0.00944	0.01310	0.01379	0.02189	0.01327	0.06220	0.36994	0.38674	0.01059	0.00604	0.00308	0.00422
17	0.01032	0.01279	0.16190	0.01119	0.01426	0.00920	0.01016	0.01359	0.04471	0.01723	0.02147	0.33803	0.02326	0.06597	0.00954	0.00235	0.07607	0.01028	0.00431	0.14336
18	0.01833	0.08034	0.07117	0.01293	0.01732	0.03471	0.01125	0.30186	0.19835	0.06455	0.06562	0.02167	0.01681	0.00819	0.00614	0.00192	0.00614	0.04785	0.00560	0.00925
19	0.04243	0.09671	0.07068	0.07180	0.15365	0.07285	0.07316	0.06844	0.05267	0.01951	0.01665	0.05749	0.05604	0.00816	0.00741	0.00198	0.07956	0.03916	0.00375	0.00790

[dist]
# distance from previous block
# <min> <max>
0	4

[block]
# block no. 5 follows, 37 sequences, length 32
# corresponding to MSA columns:
# 229-260
name=unknown_F
#
# <colnr> <probs for GDERKNQSTAVLIFYWHMCP>
#	G	D	E	R	K	N	Q	S	T	A	V	L	I	F	Y	W	H	M	C	P
0	0.06572	0.24890	0.04445	0.01602	0.12732	0.13010	0.05025	0.04089	0.01399	0.04717	0.02712	0.03618	0.01122	0.03820	0.00668	0.02134	0.00713	0.00502	0.00345	0.05886
1	0.01827	0.01722	0.06357	0.01515	0.01925	0.10921	0.08796	0.17103	0.20595	0.08253	0.01605	0.01672	0.01202	0.00747	0.00782	0.00197	0.10049	0.00577	0.00485	0.03669
2	0.01240	0.04476	0.01783	0.27576	0.19846	0.01258	0.03041	0.03816	0.07030	0.01881	0.06275	0.10751	0.06761	0.00863	0.00638	0.00200	0.00643	0.00773	0.00396	0.00753
3	0.15815	0.01050	0.01072	0.00989	0.01249	0.03366	0.00764	0.11877	0.13093	0.04019	0.07820	0.19061	0.06738	0.01218	0.03188	0.00231	0.00506	0.02408	0.04823	0.00713
4	0.00908	0.00652	0.00846	0.00841	0.00907	0.00712	0.00582	0.01081	0.03839	0.01353	0.01814	0.03177	0.01881	0.40293	0.37656	0.00763	0.01086	0.00771	0.00361	0.00478
5	0.01158	0.00916	0.00957	0.00878	0.01112	0.05314	0.00683	0.08794	0.03210	0.05533	0.24173	0.04453	0.31606	0.01375	0.03069	0.00225	0.00460	0.04854	0.00590	0.00639
6	0.06674	0.00721	0.00864	0.00831	0.01022	0.00672	0.00621	0.01388	0.01368	0.15314	0.12367	0.19869	0.17893	0.11324	0.01010	0.00265	0.00422	0.06185	0.00578	0.00612
7	0.01185	0.00828	0.00950	0.00843	0.01077	0.00802	0.00640	0.09415	0.03170	0.03424	0.09137	0.06753	0.09603	0.11263	0.07417	0.00293	0.00534	0.02617	0.17042	0.13005
8	0.00834	0.00618	0.00789	0.00818	0.00926	0.00626	0.00600	0.00991	0.01134	0.01515	0.03193	0.15343	0.20490	0.14403	0.28048	0.00552	0.00848	0.04647	0.03119	0.00506
9	0.01093	0.00716	0.00814	0.00769	0.00875	0.00708	0.00509	0.07495	0.01243	0.05515	0.05114	0.10677	0.10755	0.46062	0.02091	0.00429	0.00521	0.00967	0.03139	0.00509
10	0.01012	0.00680	0.00835	0.00813	0.00966	0.00653	0.00596	0.01353	0.07469	0.06167	0.35126	0.19752	0.09197	0.05400	0.00825	0.00224	0.00349	0.01140	0.06839	0.00603
11	0.01243	0.00658	0.00827	0.00795	0.00930	0.00616	0.00564	0.01333	0.01216	0.14669	0.05092	0.16052	0.08172	0.19006	0.01470	0.12281	0.00456	0.03114	0.10958	0.00548
12	0.24254	0.01105	0.01143	0.00946	0.01303	0.01169	0.00768	0.18411	0.01706	0.17712	0.05186	0.01809	0.01391	0.00714	0.00510	0.00177	0.00476	0.00536	0.19881	0.00802
13	0.13345	0.00725	0.00941	0.00912	0.01052	0.00783	0.02884	0.01133	0.01027	0.01619	0.01933	0.11717	0.06079	0.07355	0.30983	0.13250	0.00942	0.00774	0.02035	0.00511
14	0.00999	0.00634	0.00758	0.00740	0.00883	0.00585	0.00530	0.01176	0.01367	0.07597	0.21315	0.14297	0.19625	0.14789	0.03248	0.00290	0.00412	0.01090	0.09114	0.00552
15	0.00945	0.00670	0.00781	0.00770	0.00937	0.00614	0.00564	0.02633	0.03483	0.05893	0.18976	0.19076	0.31483	0.07891	0.00925	0.00244	0.00367	0.02593	0.00587	0.00567
16	0.01269	0.01088	0.01269	0.00907	0.01451	0.00816	0.00725	0.01541	0.01269	0.01995	0.01088	0.01269	0.00907	0.00453	0.00453	0.00091	0.00453	0.00363	0.00363	0.82229
17	0.00922	0.00669	0.00849	0.00904	0.01021	0.00649	0.00680	0.05352	0.01429	0.01905	0.15828	0.35260	0.09531	0.05651	0.00892	0.00257	0.00418	0.16652	0.00578	0.00554
18	0.01331	0.00899	0.01031	0.00931	0.01150	0.00923	0.00694	0.10886	0.13532	0.08920	0.15361	0.12623	0.08559	0.14690	0.01093	0.00269	0.00456	0.00947	0.05012	0.00694
19	0.01242	0.00767	0.00935	0.00891	0.01088	0.00733	0.00662	0.03571	0.08347	0.14522	0.13697	0.25347	0.14842	0.07349	0.00897	0.00245	0.00413	0.03186	0.00607	0.00659
20	0.00737	0.00618	0.00644	0.00661	0.00852	0.00524	0.00497	0.00895	0.01379	0.01655	0.05853	0.11323	0.65882	0.01584	0.00733	0.00213	0.00325	0.04539	0.00568	0.00517
21	0.01065	0.00753	0.00826	0.00791	0.00963	0.00754	0.00581	0.07425	0.07704	0.02053	0.10186	0.12246	0.19590	0.12943	0.01016	0.00255	0.00403	0.02474	0.17377	0.00595
22	0.04321	0.00847	0.01042	0.00997	0.01129	0.03544	0.00756	0.04355	0.04785	0.01595	0.01614	0.02442	0.01529	0.14939	0.46984	0.03575	0.03962	0.00658	0.00359	0.00568
23	0.01500	0.01042	0.01160	0.00990	0.01226	0.01131	0.00753	0.29364	0.01760	0.02473	0.01716	0.02457	0.01537	0.22867	0.12529	0.00409	0.00726	0.00664	0.14999	0.00698
24	0.00884	0.00656	0.00968	0.00998	0.01107	0.00740	0.00787	0.01105	0.01060	0.01492	0.01988	0.07676	0.01986	0.03989	0.60077	0.00833	0.01398	0.11335	0.00378	0.00546
25	0.16167	0.01017	0.01091	0.00955	0.01212	0.01086	0.00736	0.17384	0.05855	0.05573	0.12119	0.02785	0.06195	0.12565	0.01162	0.08915	0.00513	0.03489	0.00509	0.00672
26	0.14428	0.01387	0.01723	0.06443	0.20520	0.09446	0.05878	0.06446	0.01419	0.10037	0.01370	0.01852	0.01153	0.12052	0.03103	0.00267	0.00735	0.00568	0.00395	0.00779
27	0.01158	0.00691	0.00810	0.00770	0.00996	0.00594	0.00580	0.01320	0.01423	0.17237	0.04784	0.20736	0.43673	0.01462	0.00713	0.00212	0.00365	0.01245	0.00609	0.00624
28	0.00833	0.00606	0.00751	0.00756	0.00870	0.00574	0.00539	0.01018	0.01368	0.01867	0.30226	0.16316	0.17207	0.13029	0.08651	0.00341	0.00484	0.01151	0.02893	0.00520
29	0.10248	0.01320	0.02220	0.26610	0.21935	0.01408	0.15724	0.04609	0.01393	0.05186	0.02822	0.01615	0.01013	0.00596	0.00610	0.00195	0.00769	0.00573	0.00343	0.00811
30	0.01661	0.01032	0.03594	0.01260	0.03667	0.00906	0.10022	0.04977	0.01625	0.27537	0.17702	0.14254	0.06976	0.01042	0.00682	0.00202	0.00524	0.00934	0.00609	0.00796
31	0.04646	0.01241	0.12246	0.01004	0.01313	0.04929	0.00907	0.05385	0.03879	0.02370	0.45681	0.03569	0.08303	0.01063	0.00668	0.00192	0.00463	0.00903	0.00567	0.00672

[dist]
# distance from previous block
# <min> <max>
8	36

[block]
# block no. 6 follows, 37 sequences, length 11
# corresponding to MSA columns:
# 298-308
name=unknown_G
#
# <colnr> <probs for GDERKNQSTAVLIFYWHMCP>
#	G	D	E	R	K	N	Q	S	T	A	V	L	I	F	Y	W	H	M	C	P
0	0.01312	0.00891	0.01076	0.00998	0.01242	0.00897	0.00801	0.09886	0.10538	0.09723	0.24105	0.07337	0.11411	0.01244	0.00715	0.00216	0.00445	0.15822	0.00629	0.00713
1	0.01527	0.00765	0.01000	0.00882	0.01140	0.00677	0.00681	0.01752	0.01613	0.29119	0.28511	0.14940	0.12456	0.01206	0.00692	0.00202	0.00387	0.01044	0.00676	0.00730
2	0.05583	0.00824	0.01032	0.00954	0.01096	0.00881	0.00714	0.01401	0.01218	0.14210	0.05497	0.20561	0.11533	0.16664	0.01403	0.00300	0.14008	0.01009	0.00503	0.00610
3	0.09243	0.00920	0.01036	0.00950	0.01222	0.00940	0.00745	0.04679	0.16011	0.14521	0.09620	0.12697	0.12639	0.01122	0.00645	0.00207	0.00431	0.05949	0.05681	0.00741
4	0.01132	0.00749	0.00922	0.00892	0.01105	0.00710	0.00709	0.01503	0.08124	0.10649	0.23769	0.07867	0.21979	0.01352	0.00730	0.00219	0.00401	0.15917	0.00624	0.00646
5	0.00973	0.00705	0.00735	0.00700	0.00891	0.00669	0.00520	0.05436	0.04767	0.01968	0.08657	0.04403	0.39298	0.08977	0.00887	0.00229	0.00362	0.01011	0.18242	0.00570
6	0.11630	0.00856	0.00912	0.00840	0.01045	0.00885	0.00625	0.07917	0.07155	0.05103	0.11494	0.06084	0.13389	0.20241	0.01237	0.00296	0.00464	0.03609	0.05601	0.00617
7	0.04451	0.00783	0.00979	0.00963	0.01151	0.00763	0.00717	0.05778	0.05265	0.16058	0.06119	0.44389	0.03180	0.01470	0.00716	0.00228	0.00427	0.05282	0.00608	0.00674
8	0.01050	0.00708	0.00856	0.00831	0.00901	0.00753	0.00553	0.01295	0.13684	0.01411	0.01756	0.02961	0.01774	0.37123	0.08038	0.24095	0.00636	0.00734	0.00382	0.00459
9	0.00882	0.00649	0.00781	0.00817	0.00908	0.00639	0.00561	0.01148	0.07843	0.01712	0.14240	0.30888	0.09615	0.22120	0.01378	0.00326	0.00425	0.04007	0.00537	0.00524
10	0.01520	0.00784	0.00989	0.00909	0.01156	0.00731	0.00710	0.01839	0.06188	0.25224	0.10747	0.17493	0.09221	0.01185	0.00663	0.00206	0.00414	0.07334	0.11958	0.00728

[dist]
# distance from previous block
# <min> <max>
0	1

[block]
# block no. 7 follows, 37 sequences, length 8
# corresponding to MSA columns:
# 310-317
name=unknown_H
#
# <colnr> <probs for GDERKNQSTAVLIFYWHMCP>
#	G	D	E	R	K	N	Q	S	T	A	V	L	I	F	Y	W	H	M	C	P
0	0.01063	0.00532	0.00797	0.00797	0.00797	0.00532	0.00532	0.00797	0.00797	0.01063	0.01063	0.01861	0.01063	0.02127	0.02392	0.82190	0.00532	0.00532	0.00266	0.00266
1	0.01376	0.01146	0.01231	0.01129	0.01429	0.01276	0.00879	0.08135	0.47414	0.02408	0.03050	0.09696	0.12279	0.01067	0.00662	0.00213	0.00468	0.04685	0.00606	0.00847
2	0.01269	0.01088	0.01269	0.00907	0.01451	0.00816	0.00725	0.01541	0.01269	0.01995	0.01088	0.01269	0.00907	0.00453	0.00453	0.00091	0.00453	0.00363	0.00363	0.82229
3	0.01162	0.00748	0.01121	0.07736	0.01436	0.00837	0.00867	0.01400	0.01113	0.11784	0.01700	0.02291	0.01465	0.03700	0.58776	0.00803	0.01409	0.00640	0.00383	0.00628
4	0.17950	0.01081	0.01277	0.01040	0.01442	0.01053	0.00842	0.10292	0.01668	0.43864	0.02127	0.11352	0.01615	0.00864	0.00590	0.00196	0.00508	0.00695	0.00644	0.00900
5	0.00924	0.00642	0.00773	0.00746	0.00912	0.00576	0.00555	0.01131	0.01508	0.06153	0.34835	0.09123	0.28300	0.07613	0.00917	0.00236	0.00347	0.03537	0.00609	0.00562
6	0.00830	0.00615	0.00772	0.00815	0.00934	0.00575	0.00609	0.01022	0.01384	0.01837	0.23316	0.21920	0.19278	0.07952	0.03561	0.00283	0.00426	0.12773	0.00572	0.00526
7	0.02173	0.01316	0.01400	0.01152	0.01537	0.10474	0.00919	0.10078	0.11308	0.36721	0.14015	0.02332	0.02123	0.00830	0.00626	0.00188	0.00567	0.00672	0.00655	0.00914

[dist]
# distance from previous block
# <min> <max>
10	16

[block]
# block no. 8 follows, 37 sequences, length 29
# corresponding to MSA columns:
# 334-362
name=unknown_I
#
# <colnr> <probs for GDERKNQSTAVLIFYWHMCP>
#	G	D	E	R	K	N	Q	S	T	A	V	L	I	F	Y	W	H	M	C	P
0	0.04370	0.01438	0.05063	0.01196	0.01668	0.01399	0.01000	0.20914	0.27180	0.02708	0.01676	0.01672	0.01267	0.00671	0.00559	0.00165	0.00545	0.00532	0.00516	0.25463
1	0.01406	0.01156	0.01375	0.01014	0.01536	0.00963	0.02578	0.05655	0.08190	0.04651	0.01290	0.01413	0.01026	0.00516	0.00490	0.00113	0.00485	0.00422	0.00413	0.65306
2	0.16800	0.00970	0.01061	0.00964	0.01229	0.03817	0.00746	0.01884	0.07361	0.20553	0.11217	0.17919	0.03904	0.01133	0.00732	0.04211	0.01614	0.02598	0.00569	0.00717
3	0.05670	0.00790	0.00973	0.00926	0.01133	0.00765	0.00706	0.06242	0.03250	0.14490	0.19500	0.28544	0.06983	0.01355	0.00704	0.00217	0.00411	0.06053	0.00619	0.00670
4	0.01957	0.01423	0.04465	0.01490	0.08564	0.01442	0.01125	0.23314	0.24467	0.17562	0.06129	0.02024	0.01651	0.00775	0.00621	0.00193	0.00575	0.00636	0.00606	0.00980
5	0.00950	0.00659	0.00846	0.00891	0.01048	0.00612	0.00711	0.01176	0.01457	0.05464	0.19383	0.16778	0.20045	0.01552	0.00770	0.00236	0.00412	0.25841	0.00599	0.00569
6	0.00768	0.00597	0.00661	0.00683	0.00837	0.00518	0.00493	0.00877	0.01310	0.01610	0.08009	0.17182	0.52487	0.01658	0.00907	0.08753	0.00340	0.01278	0.00541	0.00490
7	0.10169	0.01147	0.01316	0.00981	0.01488	0.00993	0.00796	0.08565	0.01497	0.17390	0.01374	0.01428	0.01020	0.00555	0.00494	0.00130	0.00490	0.00430	0.00470	0.49267
8	0.02370	0.01192	0.01479	0.01121	0.01611	0.01093	0.00921	0.17339	0.01894	0.45842	0.01957	0.01795	0.01297	0.00693	0.00583	0.00169	0.00540	0.00553	0.00650	0.16902
9	0.00770	0.00597	0.00701	0.00728	0.00869	0.00528	0.00526	0.00949	0.01427	0.01853	0.24582	0.25914	0.35222	0.01570	0.00739	0.00215	0.00317	0.01366	0.00598	0.00528
10	0.01412	0.00769	0.00918	0.00831	0.01008	0.00750	0.00594	0.05641	0.03800	0.17422	0.06431	0.11735	0.02307	0.28901	0.01511	0.00335	0.00484	0.00865	0.13657	0.00632
11	0.02044	0.01028	0.01233	0.00997	0.01355	0.01007	0.00805	0.16847	0.03565	0.33221	0.08892	0.02246	0.01841	0.00790	0.00577	0.00177	0.00470	0.00639	0.21390	0.00876
12	0.01428	0.01970	0.24433	0.03151	0.52965	0.01445	0.01994	0.01897	0.01363	0.01981	0.01135	0.01448	0.00911	0.00556	0.00599	0.00185	0.00781	0.00517	0.00290	0.00950
13	0.04545	0.01182	0.01414	0.01134	0.01558	0.01176	0.00925	0.17132	0.12634	0.39810	0.04562	0.02338	0.05816	0.00836	0.00623	0.00194	0.00527	0.01947	0.00680	0.00967
14	0.02167	0.01375	0.01467	0.01180	0.01574	0.08992	0.00950	0.25819	0.02122	0.28495	0.16927	0.02295	0.02168	0.00840	0.00630	0.00185	0.00584	0.00673	0.00646	0.00910
15	0.01811	0.01165	0.01315	0.01098	0.01470	0.01209	0.00877	0.17238	0.23561	0.20653	0.06475	0.02864	0.15663	0.00950	0.00643	0.00197	0.00490	0.00778	0.00646	0.00897
16	0.01253	0.00801	0.00860	0.00781	0.00992	0.00822	0.00603	0.12701	0.05123	0.02497	0.14452	0.04754	0.09128	0.00921	0.00552	0.00169	0.00361	0.00760	0.41810	0.00659
17	0.00822	0.00632	0.00798	0.00789	0.00942	0.00615	0.00601	0.01022	0.01333	0.01768	0.21644	0.04367	0.30571	0.02456	0.24588	0.02745	0.00737	0.02524	0.00510	0.00535
18	0.01763	0.27689	0.02086	0.01198	0.01652	0.28818	0.01000	0.01968	0.01431	0.01628	0.00957	0.01113	0.00823	0.00542	0.00469	0.00129	0.00758	0.00362	0.00312	0.25302
19	0.01137	0.00940	0.01123	0.00873	0.01287	0.00737	0.00680	0.01396	0.01356	0.02049	0.16478	0.09191	0.02211	0.00757	0.00540	0.00127	0.00410	0.00647	0.00446	0.57615
20	0.01022	0.00619	0.00786	0.00787	0.00909	0.00572	0.00558	0.01073	0.01192	0.08396	0.05620	0.20991	0.23150	0.07293	0.05335	0.19135	0.00482	0.01089	0.00493	0.00497
21	0.00884	0.00610	0.00709	0.00689	0.00842	0.00559	0.00511	0.01125	0.01514	0.02153	0.37870	0.06298	0.22518	0.03421	0.00731	0.00199	0.00304	0.01054	0.17457	0.00552
22	0.00876	0.00649	0.00948	0.00948	0.01045	0.00746	0.00721	0.01070	0.00973	0.01395	0.01672	0.02585	0.01608	0.12889	0.67870	0.00940	0.01522	0.00682	0.00333	0.00527
23	0.16244	0.00892	0.01053	0.00908	0.01230	0.00840	0.00717	0.01985	0.01487	0.34010	0.09786	0.14228	0.12026	0.01056	0.00624	0.00201	0.00436	0.00876	0.00628	0.00775
24	0.13863	0.00919	0.00991	0.00875	0.01179	0.00904	0.00693	0.08350	0.04336	0.17596	0.03510	0.08984	0.27477	0.01121	0.00628	0.00201	0.00430	0.02871	0.04356	0.00719
25	0.14530	0.01427	0.01301	0.01178	0.01478	0.13532	0.00935	0.19532	0.08456	0.02491	0.05436	0.12559	0.02024	0.01028	0.00630	0.00207	0.00617	0.11370	0.00517	0.00752
26	0.09282	0.17722	0.02029	0.01409	0.01621	0.17956	0.01181	0.01788	0.01183	0.01592	0.00849	0.01182	0.00783	0.00815	0.01206	0.00208	0.37762	0.00443	0.00287	0.00702
27	0.01471	0.01672	0.16752	0.03188	0.04682	0.03720	0.01196	0.08560	0.07704	0.04498	0.01287	0.01419	0.00991	0.00562	0.00528	0.00143	0.00614	0.00448	0.00393	0.40171
28	0.01317	0.01313	0.02325	0.35717	0.19311	0.01491	0.15208	0.01697	0.01263	0.01724	0.01090	0.01568	0.00870	0.00645	0.00832	0.00209	0.11789	0.00577	0.00285	0.00771

[dist]
# distance from previous block
# <min> <max>
8	12

[block]
# block no. 9 follows, 37 sequences, length 12
# corresponding to MSA columns:
# 375-386
name=unknown_J
#
# <colnr> <probs for GDERKNQSTAVLIFYWHMCP>
#	G	D	E	R	K	N	Q	S	T	A	V	L	I	F	Y	W	H	M	C	P
0	0.14790	0.01371	0.01628	0.05176	0.07919	0.10056	0.08227	0.06514	0.06156	0.10481	0.01529	0.05714	0.01253	0.01112	0.07977	0.00270	0.04100	0.00604	0.04347	0.00775
1	0.03597	0.00890	0.01033	0.03558	0.01264	0.00903	0.00746	0.12789	0.04941	0.10096	0.12191	0.10790	0.13503	0.01101	0.00637	0.00196	0.00434	0.05447	0.15178	0.00705
2	0.01444	0.11248	0.02315	0.22708	0.14271	0.07339	0.14631	0.05226	0.03399	0.01826	0.01364	0.08938	0.01210	0.00713	0.00616	0.00191	0.00783	0.00659	0.00341	0.00777
3	0.08111	0.04619	0.16192	0.04308	0.08027	0.04545	0.07293	0.06567	0.07192	0.06691	0.01516	0.08915	0.01284	0.00727	0.00582	0.00182	0.00676	0.00618	0.00407	0.11548
4	0.05424	0.01563	0.07798	0.07259	0.06828	0.04856	0.08076	0.17416	0.04448	0.09451	0.03918	0.01612	0.01169	0.00668	0.00662	0.00180	0.04774	0.00544	0.00445	0.12908
5	0.01545	0.14065	0.01792	0.08353	0.04632	0.05440	0.01060	0.13742	0.06889	0.03599	0.03697	0.07255	0.01389	0.00948	0.04283	0.00211	0.05685	0.00595	0.00419	0.14401
6	0.06888	0.16033	0.09703	0.01222	0.01687	0.05083	0.03849	0.08120	0.11196	0.05645	0.01570	0.01715	0.04476	0.03414	0.00687	0.00183	0.04074	0.00522	0.00411	0.13521
7	0.01537	0.18552	0.11716	0.10562	0.10573	0.09829	0.03172	0.09771	0.02972	0.01939	0.01557	0.04882	0.04369	0.00761	0.00583	0.00184	0.00740	0.05137	0.00366	0.00798
8	0.01599	0.01042	0.01176	0.01026	0.01313	0.04276	0.00799	0.11206	0.09017	0.17667	0.07845	0.08941	0.10208	0.05410	0.04891	0.04203	0.00572	0.03949	0.00570	0.04289
9	0.07982	0.01326	0.04272	0.13601	0.07205	0.03628	0.07909	0.14167	0.02712	0.07678	0.10966	0.02372	0.05001	0.00827	0.00695	0.00200	0.04147	0.04056	0.00466	0.00789
10	0.01458	0.04237	0.07829	0.12569	0.05295	0.05854	0.01178	0.16446	0.08017	0.02273	0.07522	0.10092	0.03671	0.02332	0.00676	0.00201	0.00635	0.04123	0.00467	0.05125
11	0.05864	0.01222	0.01690	0.05577	0.07852	0.03306	0.11127	0.08465	0.17029	0.03669	0.12270	0.02594	0.02080	0.01210	0.07985	0.00279	0.00724	0.05780	0.00487	0.00790

[dist]
# distance from previous block
# <min> <max>
0	18

# created by:
# /home/augustus/scripts/msa2prfl.pl protein_profile.fas
